 
Species :    1 (Ni), atom :    1
 n =  1, l =  0, k =  1 :   -301.1079863    
 n =  2, l =  0, k =  1 :   -35.43347268    
 n =  2, l =  1, k =  1 :   -30.82588032    
 n =  2, l =  1, k =  2 :   -30.18319453    
 n =  3, l =  0, k =  1 :   -3.464026002    
 
Species :    2 (O), atom :    1
 n =  1, l =  0, k =  1 :   -18.38415119    
