 
Distance between is =    1 (Na), ia =    1 and
 is =    1 (Na), ia =    1 :    0.000000000    
 is =    2 (Cl), ia =    1 :    5.279989279    
 
Distance between is =    2 (Cl), ia =    1 and
 is =    1 (Na), ia =    1 :    5.279989279    
 is =    2 (Cl), ia =    1 :    0.000000000    
