 
Species :    1 (Ni), atom :    1
 n =  1, l =  0, k =  1 :   -300.5394277    
 n =  2, l =  0, k =  1 :   -35.42578734    
 n =  2, l =  1, k =  1 :   -30.87202497    
 n =  2, l =  1, k =  2 :   -30.23084008    
 n =  3, l =  0, k =  1 :   -3.502563509    
 
Species :    2 (O), atom :    1
 n =  1, l =  0, k =  1 :   -18.25956640    
