 
Distance between is =    1 (Ni), ia =    1 and
 is =    1 (Ni), ia =    1 :    0.000000000    
 is =    2 (O), ia =    1 :    3.955480238    
 
Distance between is =    2 (O), ia =    1 and
 is =    1 (Ni), ia =    1 :    3.955480238    
 is =    2 (O), ia =    1 :    0.000000000    
