 
Species :    1 (Na), atom :    1
 n =  1, l =  0, k =  1 :   -37.73413183    
 
Species :    2 (Cl), atom :    1
 n =  1, l =  0, k =  1 :   -100.8031374    
 n =  2, l =  0, k =  1 :   -8.979502241    
 n =  2, l =  1, k =  1 :   -6.769660064    
 n =  2, l =  1, k =  2 :   -6.707343671    
